20 5 1000
19 7 1
14 14 1
10 18 1
15 19 1
11 14 1
16 9 1
5 16 1
17 17 1
5 18 1
13 4 1
18 3 1
4 3 1
13 7 1
12 19 1
14 7 1
14 5 1
5 19 1
18 4 1
15 7 1
2 16 1
18 19 1
19 9 1
5 0 1
18 1 1
9 8 1
7 3 1
2 11 1
9 5 1
19 18 1
11 1 1
7 11 1
19 2 1
15 14 1
15 5 1
10 5 1
8 13 1
19 0 1
9 15 1
1 18 1
5 2 1
0 9 1
16 0 1
16 8 1
4 9 1
10 7 1
12 8 1
16 10 1
2 13 1
19 3 1
10 2 1
7 18 1
5 5 1
15 16 1
9 11 1
10 15 1
11 2 1
1 12 1
13 12 1
12 15 1
8 3 1
11 11 1
9 12 1
17 13 1
17 6 1
14 1 1
5 3 1
5 11 1
17 7 1
0 12 1
0 15 1
1 5 1
17 16 1
19 5 1
6 13 1
13 3 1
3 17 1
3 0 1
9 16 1
2 10 1
0 5 1
14 12 1
1 14 1
4 16 1
13 17 1
13 0 1
3 2 1
0 2 1
5 14 1
5 13 1
9 2 1
7 8 1
3 7 1
12 6 1
4 13 1
17 4 1
17 8 1
12 5 1
18 12 1
7 7 1
6 16 1
11 4 2
13 15 2
7 12 2
2 3 2
2 15 2
19 15 2
11 8 2
6 19 2
10 3 2
10 7 2
5 18 2
12 6 2
3 18 2
2 8 2
16 0 2
9 3 2
13 3 2
15 0 2
9 13 2
4 17 2
9 10 2
0 4 2
5 19 2
9 19 2
6 18 2
5 9 2
8 3 2
12 3 2
17 14 2
16 8 2
16 13 2
9 15 2
13 1 2
17 16 2
13 2 2
9 2 2
11 12 2
17 7 2
6 12 2
15 14 2
9 17 2
0 18 2
18 7 2
7 18 2
16 16 2
16 1 2
15 17 2
18 17 2
0 3 2
19 14 2
16 6 2
10 10 2
0 11 2
10 2 2
9 7 2
14 14 2
0 6 2
19 8 2
4 0 2
3 3 2
2 4 2
8 16 2
3 0 2
13 8 2
11 11 2
18 16 2
10 17 2
19 4 2
8 0 2
19 2 2
13 4 2
6 15 2
18 9 2
12 4 2
15 16 2
11 14 2
8 10 2
8 11 2
10 13 2
14 6 2
6 7 2
14 9 2
17 19 2
18 12 2
14 7 2
8 2 2
19 10 2
1 11 2
14 2 2
17 0 2
16 17 2
16 15 2
18 14 2
18 8 2
10 0 2
15 8 2
10 14 2
17 12 2
7 17 2
13 5 2
18 18 3
2 13 3
5 13 3
14 7 3
6 0 3
11 17 3
10 13 3
8 11 3
12 13 3
18 4 3
7 14 3
15 4 3
4 13 3
11 15 3
7 16 3
18 12 3
11 19 3
19 17 3
13 11 3
15 14 3
18 2 3
19 9 3
16 15 3
5 12 3
10 9 3
12 3 3
10 11 3
17 2 3
13 2 3
17 5 3
7 18 3
11 14 3
18 11 3
18 9 3
10 3 3
9 8 3
17 6 3
16 11 3
2 10 3
4 14 3
1 6 3
3 10 3
12 6 3
6 4 3
0 3 3
13 9 3
16 9 3
5 0 3
18 3 3
3 12 3
18 15 3
0 15 3
6 12 3
4 15 3
3 9 3
12 16 3
10 14 3
14 13 3
17 7 3
0 6 3
13 10 3
3 17 3
17 19 3
7 15 3
14 16 3
15 11 3
6 8 3
13 12 3
13 8 3
2 16 3
19 6 3
19 5 3
18 17 3
9 18 3
10 4 3
3 5 3
17 16 3
19 2 3
14 10 3
16 6 3
19 19 3
2 12 3
11 4 3
19 10 3
3 19 3
11 18 3
14 6 3
5 15 3
18 5 3
18 1 3
3 0 3
5 7 3
6 15 3
1 13 3
13 17 3
8 4 3
1 8 3
9 6 3
1 11 3
5 6 3
4 2 4
14 19 4
10 5 4
11 18 4
0 8 4
18 6 4
6 14 4
14 15 4
6 12 4
19 17 4
0 10 4
19 1 4
9 13 4
13 15 4
19 6 4
6 11 4
8 4 4
17 4 4
0 17 4
6 0 4
0 19 4
3 0 4
9 8 4
14 8 4
13 18 4
18 16 4
14 18 4
11 13 4
5 14 4
11 11 4
5 15 4
7 4 4
17 19 4
1 3 4
18 17 4
10 0 4
13 11 4
16 19 4
14 12 4
16 12 4
16 13 4
19 16 4
17 11 4
12 5 4
7 3 4
5 5 4
6 1 4
1 7 4
18 9 4
3 7 4
8 12 4
0 7 4
3 19 4
1 12 4
9 2 4
8 9 4
5 0 4
0 2 4
8 14 4
3 5 4
15 0 4
11 3 4
10 11 4
14 10 4
14 14 4
12 2 4
6 5 4
0 4 4
18 5 4
1 2 4
12 8 4
13 8 4
5 6 4
6 18 4
16 11 4
1 5 4
0 0 4
17 13 4
13 1 4
7 5 4
2 1 4
1 18 4
15 6 4
10 9 4
15 14 4
0 13 4
2 10 4
12 7 4
19 12 4
6 2 4
0 12 4
11 1 4
4 9 4
4 10 4
2 4 4
14 13 4
14 4 4
6 8 4
3 10 4
18 13 4
13 6 5
17 9 5
19 1 5
7 4 5
4 10 5
18 12 5
13 4 5
4 6 5
11 9 5
0 7 5
2 8 5
11 14 5
3 1 5
13 5 5
8 6 5
13 12 5
4 11 5
12 11 5
17 2 5
13 18 5
0 0 5
4 16 5
8 5 5
7 13 5
4 9 5
10 13 5
6 5 5
0 11 5
17 6 5
18 10 5
6 19 5
7 1 5
7 2 5
9 10 5
5 19 5
4 4 5
11 7 5
6 6 5
7 0 5
2 2 5
13 0 5
7 10 5
3 16 5
1 2 5
3 10 5
7 19 5
10 3 5
0 3 5
18 2 5
17 5 5
12 4 5
5 16 5
14 11 5
8 7 5
3 13 5
3 9 5
18 15 5
19 0 5
0 6 5
16 10 5
3 7 5
14 7 5
11 17 5
16 11 5
10 5 5
8 18 5
14 5 5
18 5 5
14 17 5
4 15 5
16 15 5
2 10 5
11 16 5
11 18 5
5 11 5
13 1 5
16 3 5
6 9 5
1 5 5
5 8 5
14 2 5
0 12 5
0 4 5
1 6 5
14 1 5
18 8 5
9 2 5
1 0 5
11 1 5
3 8 5
17 1 5
10 9 5
5 5 5
5 14 5
3 5 5
10 17 5
2 3 5
13 17 5
3 6 5
5 1 5
14 2 6
5 8 6
14 3 6
2 0 6
16 18 6
17 12 6
6 11 6
14 12 6
13 14 6
19 6 6
16 12 6
12 1 6
4 5 6
6 9 6
12 8 6
8 12 6
12 0 6
0 3 6
12 18 6
19 5 6
14 6 6
1 8 6
6 19 6
5 6 6
19 18 6
6 5 6
6 13 6
15 17 6
5 0 6
2 2 6
5 17 6
18 1 6
7 0 6
17 6 6
12 19 6
17 14 6
19 17 6
4 19 6
1 10 6
2 13 6
16 17 6
7 9 6
3 15 6
14 19 6
4 14 6
17 15 6
14 18 6
9 6 6
15 10 6
3 10 6
4 3 6
0 11 6
0 18 6
11 2 6
8 1 6
10 12 6
14 5 6
13 16 6
4 6 6
12 5 6
10 11 6
0 1 6
8 7 6
10 17 6
0 5 6
10 7 6
2 4 6
15 13 6
0 9 6
13 9 6
16 3 6
14 8 6
10 19 6
12 3 6
4 4 6
1 4 6
3 6 6
5 18 6
6 10 6
8 14 6
6 3 6
8 15 6
4 0 6
9 2 6
1 14 6
15 8 6
18 7 6
13 12 6
2 8 6
9 17 6
13 5 6
14 9 6
14 11 6
18 17 6
4 11 6
15 0 6
18 11 6
3 3 6
4 7 6
13 10 6
8 19 7
2 0 7
12 10 7
0 19 7
19 19 7
9 14 7
8 15 7
11 17 7
7 10 7
9 6 7
10 13 7
17 16 7
5 11 7
17 10 7
6 3 7
12 0 7
7 1 7
17 1 7
10 9 7
18 3 7
3 15 7
13 1 7
12 11 7
5 9 7
3 13 7
9 9 7
4 1 7
5 15 7
9 0 7
2 7 7
2 1 7
2 14 7
14 17 7
2 8 7
12 13 7
19 6 7
7 9 7
13 13 7
13 18 7
16 2 7
4 7 7
15 16 7
12 17 7
14 11 7
14 2 7
15 0 7
13 16 7
18 14 7
2 16 7
8 9 7
16 19 7
1 5 7
8 7 7
17 4 7
0 5 7
17 3 7
0 0 7
14 14 7
4 16 7
0 11 7
2 17 7
8 11 7
16 17 7
5 2 7
2 2 7
12 3 7
3 9 7
9 15 7
1 3 7
9 3 7
12 18 7
8 12 7
4 6 7
10 16 7
9 18 7
13 6 7
17 18 7
15 18 7
18 4 7
19 11 7
4 5 7
10 0 7
6 12 7
19 8 7
9 8 7
8 16 7
1 7 7
19 3 7
5 6 7
13 5 7
0 1 7
18 18 7
6 15 7
14 19 7
1 19 7
12 2 7
6 1 7
7 4 7
18 15 7
16 10 7
5 19 8
12 16 8
7 11 8
5 10 8
15 0 8
19 16 8
3 10 8
12 4 8
2 10 8
3 17 8
14 17 8
1 18 8
17 15 8
11 15 8
2 4 8
9 7 8
4 2 8
4 18 8
10 9 8
9 8 8
1 5 8
5 14 8
16 17 8
17 13 8
16 10 8
6 6 8
8 7 8
0 17 8
7 9 8
5 0 8
18 13 8
10 7 8
4 9 8
9 13 8
13 7 8
6 15 8
15 6 8
14 7 8
4 7 8
10 19 8
0 2 8
17 17 8
17 9 8
9 2 8
1 7 8
2 8 8
0 15 8
9 1 8
8 1 8
16 11 8
0 13 8
10 8 8
6 12 8
3 2 8
18 1 8
12 8 8
4 15 8
0 8 8
11 18 8
3 7 8
10 18 8
9 16 8
13 16 8
3 9 8
1 0 8
19 10 8
7 5 8
10 4 8
2 7 8
2 0 8
15 7 8
19 15 8
10 5 8
19 7 8
11 6 8
12 10 8
8 14 8
12 2 8
1 2 8
10 16 8
6 0 8
19 1 8
14 1 8
11 3 8
0 19 8
18 17 8
5 11 8
8 8 8
17 8 8
5 4 8
6 5 8
6 19 8
14 14 8
1 4 8
1 16 8
13 4 8
6 1 8
13 8 8
4 3 8
7 3 8
17 18 9
13 9 9
16 14 9
10 6 9
9 14 9
7 6 9
6 3 9
14 13 9
14 3 9
5 0 9
2 16 9
3 6 9
17 8 9
18 13 9
1 17 9
15 0 9
5 2 9
5 1 9
12 1 9
1 0 9
3 19 9
13 6 9
9 2 9
11 2 9
9 7 9
1 19 9
0 12 9
6 9 9
0 4 9
13 15 9
12 5 9
17 10 9
13 19 9
10 17 9
16 1 9
2 10 9
0 9 9
10 1 9
8 6 9
16 11 9
16 6 9
12 4 9
0 14 9
18 15 9
5 13 9
17 5 9
15 5 9
18 12 9
19 11 9
4 2 9
2 0 9
0 10 9
5 10 9
13 1 9
8 5 9
16 10 9
6 1 9
7 0 9
19 14 9
3 13 9
18 14 9
12 0 9
6 12 9
6 2 9
12 18 9
8 19 9
5 17 9
19 17 9
14 0 9
0 11 9
12 16 9
1 12 9
19 13 9
8 16 9
7 2 9
5 15 9
4 6 9
7 19 9
11 5 9
6 18 9
17 9 9
10 5 9
4 16 9
4 8 9
16 12 9
0 16 9
6 15 9
0 17 9
5 3 9
15 10 9
15 19 9
12 15 9
11 0 9
8 15 9
15 7 9
12 13 9
6 16 9
15 8 9
10 10 9
19 0 9
3 3 10
7 18 10
10 15 10
7 8 10
17 11 10
19 14 10
6 2 10
7 3 10
11 11 10
14 12 10
13 17 10
18 14 10
3 6 10
4 18 10
0 4 10
11 17 10
14 6 10
16 7 10
15 9 10
13 0 10
10 13 10
0 11 10
9 4 10
12 9 10
18 6 10
10 17 10
8 3 10
1 11 10
17 10 10
10 10 10
0 19 10
0 15 10
11 13 10
10 9 10
11 2 10
3 1 10
4 14 10
17 3 10
19 7 10
5 9 10
14 8 10
7 13 10
8 11 10
7 5 10
5 18 10
17 5 10
0 17 10
4 10 10
17 1 10
10 11 10
14 10 10
16 6 10
9 0 10
1 15 10
11 6 10
7 17 10
0 10 10
15 13 10
17 12 10
16 8 10
16 0 10
18 9 10
6 19 10
4 12 10
19 12 10
5 0 10
14 1 10
0 18 10
9 10 10
9 5 10
6 14 10
18 11 10
10 5 10
3 16 10
17 14 10
7 12 10
3 13 10
19 13 10
17 7 10
11 5 10
17 19 10
16 12 10
4 15 10
8 5 10
15 3 10
6 0 10
19 18 10
7 7 10
16 5 10
3 12 10
14 14 10
10 16 10
12 10 10
13 2 10
3 7 10
9 17 10
5 12 10
15 0 10
1 7 10
8 13 10
0 0 0
